D=1.92125 Dx=0.91675 Dy=0.960477
a=3.0003 b=0.499924
f(x)=3.0003x^0.499924

